epoch,lr,step,time,train_acc_epoch,train_acc_step,train_loss,valid_acc_epoch,valid_acc_step,valid_loss
0,,49,,,0.126953125,3.429666042327881,,,
,,0,,,,,,0.12646484375,
,,1,,,,,,0.12890625,
,,2,,,,,,0.1259765625,
,,3,,,,,,0.13037109375,
,,4,,,,,,0.126953125,
,,5,,,,,,0.13097776472568512,
0,,52,,,,,0.1314438432455063,,3.3452603816986084
0,0.0010000000474974513,52,15.375064849853516,0.10541979968547821,,,,,
1,,99,,,0.145751953125,3.1021335124969482,,,
,,6,,,,,,0.137939453125,
,,7,,,,,,0.141845703125,
,,8,,,,,,0.135498046875,
,,9,,,,,,0.150390625,
,,10,,,,,,0.14013671875,
,,11,,,,,,0.13828815519809723,
1,,105,,,,,0.14061777293682098,,2.9907643795013428
1,0.0010000000474974513,105,24.945432662963867,0.1429576724767685,,,,,
2,,149,,,0.171142578125,2.840214252471924,,,
,,12,,,,,,0.1923828125,
,,13,,,,,,0.181884765625,
,,14,,,,,,0.17724609375,
,,15,,,,,,0.195068359375,
,,16,,,,,,0.18212890625,
,,17,,,,,,0.19159305095672607,
2,,158,,,,,0.1861717849969864,,2.7843332290649414
2,0.0010000000474974513,158,33.74402618408203,0.15024735033512115,,,,,
3,,199,,,0.198486328125,2.7762670516967773,,,
,,18,,,,,,0.198974609375,
,,19,,,,,,0.193603515625,
,,20,,,,,,0.18212890625,
,,21,,,,,,0.201416015625,
,,22,,,,,,0.189697265625,
,,23,,,,,,0.19920803606510162,
3,,211,,,,,0.19256827235221863,,2.679455280303955
3,0.0010000000474974513,211,42.719093322753906,0.18810318410396576,,,,,
4,,249,,,0.217529296875,2.5997979640960693,,,
,,24,,,,,,0.231689453125,
,,25,,,,,,0.21728515625,
,,26,,,,,,0.21875,
,,27,,,,,,0.223876953125,
,,28,,,,,,0.22412109375,
,,29,,,,,,0.22448979318141937,
4,,264,,,,,0.22229936718940735,,2.566296339035034
4,0.0010000000474974513,264,51.93712615966797,0.20381410419940948,,,,,
5,,299,,,0.220947265625,2.764072895050049,,,
,,30,,,,,,0.252197265625,
,,31,,,,,,0.233154296875,
,,32,,,,,,0.233642578125,
,,33,,,,,,0.2412109375,
,,34,,,,,,0.24072265625,
,,35,,,,,,0.2351507693529129,
5,,317,,,,,0.24033160507678986,,2.5210301876068115
5,0.0010000000474974513,317,61.404396057128906,0.225058913230896,,,,,
6,,349,,,0.267822265625,2.34391713142395,,,
,,36,,,,,,0.276123046875,
,,37,,,,,,0.263916015625,
,,38,,,,,,0.261474609375,
,,39,,,,,,0.275146484375,
,,40,,,,,,0.27490234375,
,,41,,,,,,0.27870848774909973,
6,,370,,,,,0.27437612414360046,,2.314448833465576
6,0.0010000000474974513,370,71.06700134277344,0.25643399357795715,,,,,
7,,399,,,0.279541015625,2.375627040863037,,,
,,42,,,,,,0.294921875,
,,43,,,,,,0.2666015625,
,,44,,,,,,0.280029296875,
,,45,,,,,,0.290283203125,
,,46,,,,,,0.270263671875,
,,47,,,,,,0.28601887822151184,
7,,423,,,,,0.2854227125644684,,2.29028582572937
7,0.0010000000474974513,423,80.31330108642578,0.26910093426704407,,,,,
8,,449,,,0.2822265625,2.3706369400024414,,,
,,48,,,,,,0.32470703125,
,,49,,,,,,0.31689453125,
,,50,,,,,,0.314208984375,
,,51,,,,,,0.329833984375,
,,52,,,,,,0.31591796875,
,,53,,,,,,0.3243984282016754,
8,,476,,,,,0.3208138644695282,,2.1723060607910156
8,0.0010000000474974513,476,89.74762725830078,0.29363521933555603,,,,,
9,,499,,,0.31787109375,2.1360557079315186,,,
,,54,,,,,,0.334228515625,
,,55,,,,,,0.332275390625,
,,56,,,,,,0.322998046875,
,,57,,,,,,0.330322265625,
,,58,,,,,,0.341552734375,
,,59,,,,,,0.3344501852989197,
9,,529,,,,,0.3339855968952179,,2.094398021697998
9,0.0010000000474974513,529,99.38992309570312,0.3152610957622528,,,,,
10,,549,,,0.328369140625,2.1795217990875244,,,
,,60,,,,,,0.343505859375,
,,61,,,,,,0.338134765625,
,,62,,,,,,0.328125,
,,63,,,,,,0.342529296875,
,,64,,,,,,0.341796875,
,,65,,,,,,0.336887001991272,
10,,582,,,,,0.3385304808616638,,2.0146522521972656
10,0.0010000000474974513,582,108.99158477783203,0.3266187906265259,,,,,
11,,599,,,0.3330078125,2.0946640968322754,,,
,,66,,,,,,0.342529296875,
,,67,,,,,,0.334716796875,
,,68,,,,,,0.3349609375,
,,69,,,,,,0.34619140625,
,,70,,,,,,0.349365234375,
,,71,,,,,,0.3353639841079712,
11,,635,,,,,0.3428649604320526,,2.0731513500213623
11,0.0010000000474974513,635,117.89608764648438,0.33234673738479614,,,,,
12,,649,,,0.346923828125,2.0470590591430664,,,
,,72,,,,,,0.33935546875,
,,73,,,,,,0.33447265625,
,,74,,,,,,0.34765625,
,,75,,,,,,0.325927734375,
,,76,,,,,,0.343017578125,
,,77,,,,,,0.3426743745803833,
12,,688,,,,,0.34191811084747314,,1.9982539415359497
12,0.0010000000474974513,688,127.37722778320312,0.33222514390945435,,,,,
13,,699,,,0.336181640625,2.022118091583252,,,
,,78,,,,,,0.337158203125,
,,79,,,,,,0.337646484375,
,,80,,,,,,0.336181640625,
,,81,,,,,,0.354736328125,
,,82,,,,,,0.3447265625,
,,83,,,,,,0.3371915817260742,
13,,741,,,,,0.34257039427757263,,2.0059773921966553
13,0.0010000000474974513,741,136.55226135253906,0.33255478739738464,,,,,
14,,749,,,0.334228515625,2.044222116470337,,,
,,84,,,,,,0.34326171875,
,,85,,,,,,0.323486328125,
,,86,,,,,,0.3330078125,
,,87,,,,,,0.322998046875,
,,88,,,,,,0.330078125,
,,89,,,,,,0.3274444043636322,
14,,794,,,,,0.33543744683265686,,2.0695180892944336
14,0.0010000000474974513,794,145.90907287597656,0.3300625681877136,,,,,
15,,799,,,0.31396484375,2.096526622772217,,,
,,90,,,,,,0.335205078125,
,,91,,,,,,0.323486328125,
,,92,,,,,,0.3330078125,
,,93,,,,,,0.329345703125,
,,94,,,,,,0.330810546875,
,,95,,,,,,0.3298812210559845,
15,,847,,,,,0.33356478810310364,,2.0293328762054443
15,0.0010000000474974513,847,154.84536743164062,0.32295525074005127,,,,,
16,,849,,,0.337646484375,2.116478204727173,,,
16,,899,,,0.32568359375,2.0324552059173584,,,
,,96,,,,,,0.334228515625,
,,97,,,,,,0.329345703125,
,,98,,,,,,0.328857421875,
,,99,,,,,,0.3310546875,
,,100,,,,,,0.339111328125,
,,101,,,,,,0.3362777829170227,
16,,900,,,,,0.3373732268810272,,1.9856736660003662
16,0.0010000000474974513,900,163.87933349609375,0.329426646232605,,,,,
17,,949,,,0.34521484375,2.089416027069092,,,
,,102,,,,,,0.323486328125,
,,103,,,,,,0.328857421875,
,,104,,,,,,0.3173828125,
,,105,,,,,,0.33203125,
,,106,,,,,,0.33447265625,
,,107,,,,,,0.33262258768081665,
17,,953,,,,,0.32777848839759827,,2.0957083702087402
17,0.0010000000474974513,953,173.81219482421875,0.32014504075050354,,,,,
18,,999,,,0.31689453125,2.059908390045166,,,
,,108,,,,,,0.317138671875,
,,109,,,,,,0.32470703125,
,,110,,,,,,0.322021484375,
,,111,,,,,,0.320068359375,
,,112,,,,,,0.3310546875,
,,113,,,,,,0.31891563534736633,
18,,1006,,,,,0.32441189885139465,,2.023920774459839
18,0.0010000000474974513,1006,182.73199462890625,0.3241101801395416,,,,,
19,,1049,,,0.33251953125,2.048626184463501,,,
,,114,,,,,,0.336669921875,
,,115,,,,,,0.341064453125,
,,116,,,,,,0.32568359375,
,,117,,,,,,0.342529296875,
,,118,,,,,,0.3515625,
,,119,,,,,,0.32866281270980835,
19,,1059,,,,,0.3409712612628937,,1.9629093408584595
19,0.0010000000474974513,1059,191.7872314453125,0.32561346888542175,,,,,
20,,1099,,,0.334228515625,2.0253636837005615,,,
,,120,,,,,,0.341796875,
,,121,,,,,,0.325927734375,
,,122,,,,,,0.330078125,
,,123,,,,,,0.318115234375,
,,124,,,,,,0.32861328125,
,,125,,,,,,0.33109959959983826,
20,,1112,,,,,0.331650048494339,,2.02744722366333
20,0.0010000000474974513,1112,200.90164184570312,0.33407679200172424,,,,,
21,,1149,,,0.328857421875,2.0583949089050293,,,
,,126,,,,,,0.33349609375,
,,127,,,,,,0.334716796875,
,,128,,,,,,0.323486328125,
,,129,,,,,,0.33984375,
,,130,,,,,,0.3466796875,
,,131,,,,,,0.32927200198173523,
21,,1165,,,,,0.33806759119033813,,1.9408202171325684
21,0.0010000000474974513,1165,209.64724731445312,0.3306587338447571,,,,,
22,,1199,,,0.339599609375,1.9863818883895874,,,
,,132,,,,,,0.357177734375,
,,133,,,,,,0.340576171875,
,,134,,,,,,0.347412109375,
,,135,,,,,,0.3486328125,
,,136,,,,,,0.3564453125,
,,137,,,,,,0.34480658173561096,
22,,1218,,,,,0.3529857397079468,,1.899590015411377
22,0.0010000000474974513,1218,218.45460510253906,0.338666170835495,,,,,
23,,1249,,,0.341064453125,1.9855263233184814,,,
,,138,,,,,,0.354248046875,
,,139,,,,,,0.34326171875,
,,140,,,,,,0.3466796875,
,,141,,,,,,0.333740234375,
,,142,,,,,,0.35302734375,
,,143,,,,,,0.3451111912727356,
23,,1271,,,,,0.3515338897705078,,1.8953341245651245
23,0.0010000000474974513,1271,227.2372283935547,0.34462088346481323,,,,,
24,,1299,,,0.346435546875,1.9549272060394287,,,
,,144,,,,,,0.36181640625,
,,145,,,,,,0.34326171875,
,,146,,,,,,0.358154296875,
,,147,,,,,,0.36279296875,
,,148,,,,,,0.35107421875,
,,149,,,,,,0.3499847650527954,
24,,1324,,,,,0.35811975598335266,,1.8852756023406982
24,0.0010000000474974513,1324,237.1875457763672,0.34870994091033936,,,,,
25,,1349,,,0.3583984375,1.9118893146514893,,,
,,150,,,,,,0.36279296875,
,,151,,,,,,0.358642578125,
,,152,,,,,,0.3515625,
,,153,,,,,,0.358642578125,
,,154,,,,,,0.353515625,
,,155,,,,,,0.3539445698261261,
25,,1377,,,,,0.3614021837711334,,1.8575559854507446
25,0.0010000000474974513,1377,246.7000732421875,0.3534068465232849,,,,,
26,,1399,,,0.353271484375,1.9178227186203003,,,
,,156,,,,,,0.36865234375,
,,157,,,,,,0.354736328125,
,,158,,,,,,0.365478515625,
,,159,,,,,,0.3525390625,
,,160,,,,,,0.364013671875,
,,161,,,,,,0.354553759098053,
26,,1430,,,,,0.3635062873363495,,1.855088710784912
26,0.0010000000474974513,1430,256.32781982421875,0.35674306750297546,,,,,
27,,1449,,,0.363037109375,1.940322756767273,,,
,,162,,,,,,0.368408203125,
,,163,,,,,,0.363037109375,
,,164,,,,,,0.363037109375,
,,165,,,,,,0.377197265625,
,,166,,,,,,0.37548828125,
,,167,,,,,,0.3569905459880829,
27,,1483,,,,,0.3707233965396881,,1.8472819328308105
27,0.0010000000474974513,1483,265.5255126953125,0.3598478436470032,,,,,
28,,1499,,,0.368896484375,1.8970024585723877,,,
,,168,,,,,,0.37841796875,
,,169,,,,,,0.379150390625,
,,170,,,,,,0.380615234375,
,,171,,,,,,0.37451171875,
,,172,,,,,,0.383056640625,
,,173,,,,,,0.36947914958000183,
28,,1536,,,,,0.3802129328250885,,1.8262345790863037
28,0.0010000000474974513,1536,274.35565185546875,0.36491650342941284,,,,,
29,,1549,,,0.36962890625,1.8475507497787476,,,
,,174,,,,,,0.380859375,
,,175,,,,,,0.375,
,,176,,,,,,0.380615234375,
,,177,,,,,,0.390869140625,
,,178,,,,,,0.388427734375,
,,179,,,,,,0.36704233288764954,
29,,1589,,,,,0.3833480477333069,,1.8095104694366455
29,0.0010000000474974513,1589,289.7521057128906,0.36954325437545776,,,,,
30,,1599,,,0.38232421875,1.842616081237793,,,
,,180,,,,,,0.389404296875,
,,181,,,,,,0.38818359375,
,,182,,,,,,0.3818359375,
,,183,,,,,,0.3857421875,
,,184,,,,,,0.38720703125,
,,185,,,,,,0.3770941197872162,
30,,1642,,,,,0.3907124400138855,,1.7764889001846313
30,0.0010000000474974513,1642,298.32330322265625,0.3725615441799164,,,,,
31,,1649,,,0.377197265625,1.8421872854232788,,,
,,186,,,,,,0.38525390625,
,,187,,,,,,0.387451171875,
,,188,,,,,,0.384521484375,
,,189,,,,,,0.388671875,
,,190,,,,,,0.38623046875,
,,191,,,,,,0.3749619126319885,
31,,1695,,,,,0.38747212290763855,,1.7887094020843506
31,0.0010000000474974513,1695,307.8663330078125,0.3772374093532562,,,,,
32,,1699,,,0.35986328125,1.8421329259872437,,,
,,192,,,,,,0.390380859375,
,,193,,,,,,0.3974609375,
,,194,,,,,,0.392578125,
,,195,,,,,,0.390625,
,,196,,,,,,0.405029296875,
,,197,,,,,,0.3901918828487396,
32,,1748,,,,,0.4004334509372711,,1.7399886846542358
32,0.0010000000474974513,1748,317.2512512207031,0.3805549442768097,,,,,
33,,1749,,,0.375244140625,1.8221803903579712,,,
33,,1799,,,0.380126953125,1.813211441040039,,,
,,198,,,,,,0.39013671875,
,,199,,,,,,0.401611328125,
,,200,,,,,,0.388427734375,
,,201,,,,,,0.3974609375,
,,202,,,,,,0.4091796875,
,,203,,,,,,0.3923240900039673,
33,,1801,,,,,0.4008963406085968,,1.7250341176986694
33,0.0010000000474974513,1801,327.13433837890625,0.3850460946559906,,,,,
34,,1849,,,0.384033203125,1.8047367334365845,,,
,,204,,,,,,0.387451171875,
,,205,,,,,,0.40087890625,
,,206,,,,,,0.398193359375,
,,207,,,,,,0.39208984375,
,,208,,,,,,0.4111328125,
,,209,,,,,,0.39537009596824646,
34,,1854,,,,,0.40415772795677185,,1.722792387008667
34,0.0010000000474974513,1854,336.541015625,0.38820934295654297,,,,,
35,,1899,,,0.406005859375,1.7401784658432007,,,
,,210,,,,,,0.3994140625,
,,211,,,,,,0.416015625,
,,212,,,,,,0.404541015625,
,,213,,,,,,0.403564453125,
,,214,,,,,,0.421630859375,
,,215,,,,,,0.4075540602207184,
35,,1907,,,,,0.4113748371601105,,1.70289945602417
35,0.0010000000474974513,1907,346.1842041015625,0.3929389715194702,,,,,
36,,1949,,,0.412841796875,1.7447623014450073,,,
,,216,,,,,,0.40087890625,
,,217,,,,,,0.40625,
,,218,,,,,,0.403076171875,
,,219,,,,,,0.399169921875,
,,220,,,,,,0.425537109375,
,,221,,,,,,0.3956746757030487,
36,,1960,,,,,0.40985986590385437,,1.698975920677185
36,0.0010000000474974513,1960,354.9320373535156,0.3980613946914673,,,,,
37,,1999,,,0.394775390625,1.7700564861297607,,,
,,222,,,,,,0.403564453125,
,,223,,,,,,0.409912109375,
,,224,,,,,,0.409912109375,
,,225,,,,,,0.408935546875,
,,226,,,,,,0.43115234375,
,,227,,,,,,0.40389886498451233,
37,,2013,,,,,0.4155620038509369,,1.6817436218261719
37,0.0010000000474974513,2013,363.8533630371094,0.4006681740283966,,,,,
38,,2049,,,0.394775390625,1.7691773176193237,,,
,,228,,,,,,0.41357421875,
,,229,,,,,,0.412353515625,
,,230,,,,,,0.406494140625,
,,231,,,,,,0.40771484375,
,,232,,,,,,0.421875,
,,233,,,,,,0.40572646260261536,
38,,2066,,,,,0.414425790309906,,1.6943278312683105
38,0.0010000000474974513,2066,372.0020446777344,0.40399739146232605,,,,,
39,,2099,,,0.407470703125,1.7413201332092285,,,
,,234,,,,,,0.4091796875,
,,235,,,,,,0.4208984375,
,,236,,,,,,0.415771484375,
,,237,,,,,,0.420654296875,
,,238,,,,,,0.43505859375,
,,239,,,,,,0.41303685307502747,
39,,2119,,,,,0.4215797781944275,,1.6838504076004028
39,0.0010000000474974513,2119,380.7666015625,0.4078526496887207,,,,,
40,,2149,,,0.426513671875,1.7180297374725342,,,
,,240,,,,,,0.408935546875,
,,241,,,,,,0.421142578125,
,,242,,,,,,0.408203125,
,,243,,,,,,0.414306640625,
,,244,,,,,,0.4384765625,
,,245,,,,,,0.4151690602302551,
40,,2172,,,,,0.42054876685142517,,1.6865419149398804
40,0.0010000000474974513,2172,390.039794921875,0.40772873163223267,,,,,
41,,2199,,,0.414306640625,1.7453103065490723,,,
,,246,,,,,,0.42578125,
,,247,,,,,,0.42626953125,
,,248,,,,,,0.426025390625,
,,249,,,,,,0.421630859375,
,,250,,,,,,0.43896484375,
,,251,,,,,,0.41699665784835815,
41,,2225,,,,,0.43066951632499695,,1.653387427330017
41,0.0010000000474974513,2225,399.2167663574219,0.4125869572162628,,,,,
42,,2249,,,0.41748046875,1.7319971323013306,,,
,,252,,,,,,0.4228515625,
,,253,,,,,,0.434326171875,
,,254,,,,,,0.43115234375,
,,255,,,,,,0.4140625,
,,256,,,,,,0.45068359375,
,,257,,,,,,0.4230886399745941,
42,,2278,,,,,0.43119555711746216,,1.671919822692871
42,0.0010000000474974513,2278,409.93255615234375,0.4158507287502289,,,,,
43,,2299,,,0.41796875,1.702254056930542,,,
,,258,,,,,,0.428466796875,
,,259,,,,,,0.4365234375,
,,260,,,,,,0.4248046875,
,,261,,,,,,0.41748046875,
,,262,,,,,,0.46435546875,
,,263,,,,,,0.4310082197189331,
43,,2331,,,,,0.4333838224411011,,1.6431039571762085
43,0.0010000000474974513,2331,419.2823486328125,0.41877782344818115,,,,,
44,,2349,,,0.41943359375,1.68813157081604,,,
,,264,,,,,,0.42431640625,
,,265,,,,,,0.42333984375,
,,266,,,,,,0.42431640625,
,,267,,,,,,0.421630859375,
,,268,,,,,,0.448974609375,
,,269,,,,,,0.4325312077999115,
44,,2384,,,,,0.4311113953590393,,1.6531398296356201
44,0.0010000000474974513,2384,429.4162292480469,0.4203909933567047,,,,,
45,,2399,,,0.428466796875,1.7226449251174927,,,
,,270,,,,,,0.4267578125,
,,271,,,,,,0.4306640625,
,,272,,,,,,0.426513671875,
,,273,,,,,,0.426025390625,
,,274,,,,,,0.453125,
,,275,,,,,,0.4413646161556244,
45,,2437,,,,,0.4337415397167206,,1.6352027654647827
45,0.0010000000474974513,2437,438.4794921875,0.42302584648132324,,,,,
46,,2449,,,0.4248046875,1.7175929546356201,,,
,,276,,,,,,0.4375,
,,277,,,,,,0.4326171875,
,,278,,,,,,0.429931640625,
,,279,,,,,,0.429931640625,
,,280,,,,,,0.45751953125,
,,281,,,,,,0.4404508173465729,
46,,2490,,,,,0.4392753541469574,,1.6310468912124634
46,0.0010000000474974513,2490,448.3424072265625,0.4235074520111084,,,,,
47,,2499,,,0.4365234375,1.6733274459838867,,,
,,282,,,,,,0.440673828125,
,,283,,,,,,0.434814453125,
,,284,,,,,,0.442626953125,
,,285,,,,,,0.43212890625,
,,286,,,,,,0.46337890625,
,,287,,,,,,0.43527260422706604,
47,,2543,,,,,0.44287338852882385,,1.6182161569595337
47,0.0010000000474974513,2543,457.30865478515625,0.4262147843837738,,,,,
48,,2549,,,0.438232421875,1.6338788270950317,,,
,,288,,,,,,0.432861328125,
,,289,,,,,,0.43310546875,
,,290,,,,,,0.4384765625,
,,291,,,,,,0.427734375,
,,292,,,,,,0.458251953125,
,,293,,,,,,0.43314042687416077,
48,,2596,,,,,0.4382653832435608,,1.6337751150131226
48,0.0010000000474974513,2596,466.480712890625,0.43014252185821533,,,,,
49,,2599,,,0.4248046875,1.6773842573165894,,,
49,,2649,,,0.4071100950241089,1.687578797340393,,,
,,294,,,,,,0.434814453125,
,,295,,,,,,0.451171875,
,,296,,,,,,0.44140625,
,,297,,,,,,0.448974609375,
,,298,,,,,,0.470947265625,
,,299,,,,,,0.44654279947280884,
49,,2649,,,,,0.44670286774635315,,1.6094119548797607
49,0.0010000000474974513,2649,475.47637939453125,0.4300326406955719,,,,,
50,,2699,,,0.433349609375,1.6574430465698242,,,
,,300,,,,,,0.439697265625,
,,301,,,,,,0.453125,
,,302,,,,,,0.438720703125,
,,303,,,,,,0.439453125,
,,304,,,,,,0.478515625,
,,305,,,,,,0.4456290006637573,
50,,2702,,,,,0.44855448603630066,,1.6025094985961914
50,0.0010000000474974513,2702,484.70623779296875,0.4342947006225586,,,,,
51,,2749,,,0.420654296875,1.6509343385696411,,,
,,306,,,,,,0.43798828125,
,,307,,,,,,0.442626953125,
,,308,,,,,,0.4443359375,
,,309,,,,,,0.445556640625,
,,310,,,,,,0.478515625,
,,311,,,,,,0.45141637325286865,
51,,2755,,,,,0.45183688402175903,,1.6076321601867676
51,0.0010000000474974513,2755,493.57421875,0.43564602732658386,,,,,
52,,2799,,,0.43603515625,1.6537344455718994,,,
,,312,,,,,,0.449951171875,
,,313,,,,,,0.443115234375,
,,314,,,,,,0.450439453125,
,,315,,,,,,0.43798828125,
,,316,,,,,,0.48193359375,
,,317,,,,,,0.46116358041763306,
52,,2808,,,,,0.4540883004665375,,1.5882056951522827
52,0.0010000000474974513,2808,502.61663818359375,0.4369131922721863,,,,,
53,,2849,,,0.450439453125,1.6641582250595093,,,
,,318,,,,,,0.443603515625,
,,319,,,,,,0.439208984375,
,,320,,,,,,0.448974609375,
,,321,,,,,,0.43115234375,
,,322,,,,,,0.4755859375,
,,323,,,,,,0.4501979947090149,
53,,2861,,,,,0.45021671056747437,,1.6115162372589111
53,0.0010000000474974513,2861,511.5553283691406,0.4382270872592926,,,,,
54,,2899,,,0.428955078125,1.6683802604675293,,,
,,324,,,,,,0.44140625,
,,325,,,,,,0.44482421875,
,,326,,,,,,0.4365234375,
,,327,,,,,,0.428955078125,
,,328,,,,,,0.474365234375,
,,329,,,,,,0.4535485804080963,
54,,2914,,,,,0.4475865960121155,,1.606324315071106
54,0.0010000000474974513,2914,520.448974609375,0.44179946184158325,,,,,
55,,2949,,,0.45068359375,1.6484370231628418,,,
,,330,,,,,,0.446044921875,
,,331,,,,,,0.445556640625,
,,332,,,,,,0.44775390625,
,,333,,,,,,0.443603515625,
,,334,,,,,,0.477294921875,
,,335,,,,,,0.4605543613433838,
55,,2967,,,,,0.4539409875869751,,1.5964382886886597
55,0.0010000000474974513,2967,529.9232177734375,0.44237226247787476,,,,,
56,,2999,,,0.439697265625,1.585894227027893,,,
,,336,,,,,,0.451171875,
,,337,,,,,,0.44775390625,
,,338,,,,,,0.458984375,
,,339,,,,,,0.4423828125,
,,340,,,,,,0.478515625,
,,341,,,,,,0.45720377564430237,
56,,3020,,,,,0.4577704966068268,,1.5775680541992188
56,0.0010000000474974513,3020,539.1482543945312,0.44450679421424866,,,,,
57,,3049,,,0.447998046875,1.6098616123199463,,,
,,342,,,,,,0.4521484375,
,,343,,,,,,0.46044921875,
,,344,,,,,,0.458984375,
,,345,,,,,,0.441650390625,
,,346,,,,,,0.48486328125,
,,347,,,,,,0.4614681601524353,
57,,3073,,,,,0.4594748020172119,,1.5748138427734375
57,0.0010000000474974513,3073,548.4776611328125,0.44806981086730957,,,,,
58,,3099,,,0.430908203125,1.6438276767730713,,,
,,348,,,,,,0.45166015625,
,,349,,,,,,0.451416015625,
,,350,,,,,,0.447509765625,
,,351,,,,,,0.449462890625,
,,352,,,,,,0.4775390625,
,,353,,,,,,0.4669509530067444,
58,,3126,,,,,0.45623448491096497,,1.5871398448944092
58,0.0010000000474974513,3126,558.1282958984375,0.447908490896225,,,,,
59,,3149,,,0.439697265625,1.6347455978393555,,,
,,354,,,,,,0.453125,
,,355,,,,,,0.453125,
,,356,,,,,,0.461181640625,
,,357,,,,,,0.463623046875,
,,358,,,,,,0.486572265625,
,,359,,,,,,0.46816936135292053,
59,,3179,,,,,0.4642722010612488,,1.5619821548461914
59,0.0010000000474974513,3179,567.7110595703125,0.4503118693828583,,,,,
60,,3199,,,0.458984375,1.5891363620758057,,,
,,360,,,,,,0.458984375,
,,361,,,,,,0.4541015625,
,,362,,,,,,0.4580078125,
,,363,,,,,,0.451904296875,
,,364,,,,,,0.486572265625,
,,365,,,,,,0.46816936135292053,
60,,3232,,,,,0.462588906288147,,1.5815805196762085
60,0.0010000000474974513,3232,577.1077880859375,0.4526918828487396,,,,,
61,,3249,,,0.442138671875,1.608310341835022,,,
,,366,,,,,,0.457275390625,
,,367,,,,,,0.463134765625,
,,368,,,,,,0.47314453125,
,,369,,,,,,0.460205078125,
,,370,,,,,,0.48779296875,
,,371,,,,,,0.4718245565891266,
61,,3285,,,,,0.46803855895996094,,1.5608720779418945
61,0.0010000000474974513,3285,586.78076171875,0.45455288887023926,,,,,
62,,3299,,,0.454833984375,1.574121356010437,,,
,,372,,,,,,0.4599609375,
,,373,,,,,,0.45361328125,
,,374,,,,,,0.458740234375,
,,375,,,,,,0.448486328125,
,,376,,,,,,0.485107421875,
,,377,,,,,,0.47395673394203186,
62,,3338,,,,,0.4631569981575012,,1.5578421354293823
62,0.0010000000474974513,3338,595.6316528320312,0.4561052918434143,,,,,
63,,3349,,,0.471923828125,1.604444146156311,,,
,,378,,,,,,0.4599609375,
,,379,,,,,,0.459228515625,
,,380,,,,,,0.46533203125,
,,381,,,,,,0.452392578125,
,,382,,,,,,0.48388671875,
,,383,,,,,,0.47395673394203186,
63,,3391,,,,,0.4657871425151825,,1.5722239017486572
63,0.0010000000474974513,3391,604.7991943359375,0.4557218551635742,,,,,
64,,3399,,,0.446533203125,1.6140954494476318,,,
,,384,,,,,,0.455810546875,
,,385,,,,,,0.455078125,
,,386,,,,,,0.474365234375,
,,387,,,,,,0.466796875,
,,388,,,,,,0.482421875,
,,389,,,,,,0.46908316016197205,
64,,3444,,,,,0.46505069732666016,,1.5757726430892944
64,0.0010000000474974513,3444,613.597900390625,0.4567762613296509,,,,,
65,,3449,,,0.461181640625,1.5951279401779175,,,
,,390,,,,,,0.45849609375,
,,391,,,,,,0.46435546875,
,,392,,,,,,0.469970703125,
,,393,,,,,,0.466796875,
,,394,,,,,,0.4912109375,
,,395,,,,,,0.4809625446796417,
65,,3497,,,,,0.47302529215812683,,1.547049880027771
65,0.0010000000474974513,3497,622.7275390625,0.4604094326496124,,,,,
66,,3499,,,0.454345703125,1.586477518081665,,,
66,,3549,,,0.4677734375,1.627092957496643,,,
,,396,,,,,,0.470703125,
,,397,,,,,,0.4716796875,
,,398,,,,,,0.478271484375,
,,399,,,,,,0.469970703125,
,,400,,,,,,0.49853515625,
,,401,,,,,,0.47883033752441406,
66,,3550,,,,,0.47487691044807434,,1.5520188808441162
66,0.0010000000474974513,3550,631.875732421875,0.4614381194114685,,,,,
67,,3599,,,0.460693359375,1.628268837928772,,,
,,402,,,,,,0.46630859375,
,,403,,,,,,0.46240234375,
,,404,,,,,,0.46923828125,
,,405,,,,,,0.462158203125,
,,406,,,,,,0.492431640625,
,,407,,,,,,0.4806579351425171,
67,,3603,,,,,0.47052139043807983,,1.5544116497039795
67,0.0010000000474974513,3603,641.002197265625,0.46057072281837463,,,,,
68,,3649,,,0.461669921875,1.6087719202041626,,,
,,408,,,,,,0.463134765625,
,,409,,,,,,0.4619140625,
,,410,,,,,,0.46484375,
,,411,,,,,,0.465087890625,
,,412,,,,,,0.493896484375,
,,413,,,,,,0.48035332560539246,
68,,3656,,,,,0.47087910771369934,,1.5524518489837646
68,0.0010000000474974513,3656,650.4368896484375,0.4621792435646057,,,,,
69,,3699,,,0.466796875,1.5766316652297974,,,
,,414,,,,,,0.473388671875,
,,415,,,,,,0.47412109375,
,,416,,,,,,0.467529296875,
,,417,,,,,,0.46240234375,
,,418,,,,,,0.496337890625,
,,419,,,,,,0.483094722032547,
69,,3709,,,,,0.4771493375301361,,1.5332194566726685
69,0.0010000000474974513,3709,659.6985473632812,0.4659970700740814,,,,,
70,,3749,,,0.46435546875,1.5894460678100586,,,
,,420,,,,,,0.46337890625,
,,421,,,,,,0.466796875,
,,422,,,,,,0.474609375,
,,423,,,,,,0.46728515625,
,,424,,,,,,0.486572265625,
,,425,,,,,,0.4791349470615387,
70,,3762,,,,,0.472793847322464,,1.5457918643951416
70,0.0010000000474974513,3762,668.636474609375,0.46794459223747253,,,,,
71,,3799,,,0.464599609375,1.5785400867462158,,,
,,426,,,,,,0.47802734375,
,,427,,,,,,0.46044921875,
,,428,,,,,,0.467041015625,
,,429,,,,,,0.468994140625,
,,430,,,,,,0.490478515625,
,,431,,,,,,0.48370394110679626,
71,,3815,,,,,0.4727728068828583,,1.5448826551437378
71,0.0010000000474974513,3815,678.6705322265625,0.4687114357948303,,,,,
72,,3849,,,0.476318359375,1.587117075920105,,,
,,432,,,,,,0.470458984375,
,,433,,,,,,0.4765625,
,,434,,,,,,0.477783203125,
,,435,,,,,,0.45849609375,
,,436,,,,,,0.49365234375,
,,437,,,,,,0.4961925148963928,
72,,3868,,,,,0.47887471318244934,,1.5319045782089233
72,0.0010000000474974513,3868,688.031494140625,0.4697073698043823,,,,,
73,,3899,,,0.470458984375,1.55650794506073,,,
,,438,,,,,,0.4638671875,
,,439,,,,,,0.463134765625,
,,440,,,,,,0.474853515625,
,,441,,,,,,0.457763671875,
,,442,,,,,,0.494140625,
,,443,,,,,,0.4809625446796417,
73,,3921,,,,,0.47422462701797485,,1.5561314821243286
73,0.0010000000474974513,3921,697.5235595703125,0.4684074819087982,,,,,
74,,3949,,,0.460205078125,1.5867106914520264,,,
,,444,,,,,,0.468505859375,
,,445,,,,,,0.4658203125,
,,446,,,,,,0.477294921875,
,,447,,,,,,0.467041015625,
,,448,,,,,,0.48974609375,
,,449,,,,,,0.4809625446796417,
74,,3974,,,,,0.47559231519699097,,1.5280500650405884
74,0.0010000000474974513,3974,707.257568359375,0.4705607295036316,,,,,
75,,3999,,,0.495361328125,1.5366170406341553,,,
,,450,,,,,,0.484130859375,
,,451,,,,,,0.478759765625,
,,452,,,,,,0.476806640625,
,,453,,,,,,0.479736328125,
,,454,,,,,,0.505859375,
,,455,,,,,,0.48674991726875305,
75,,4027,,,,,0.4861128628253937,,1.5218791961669922
75,0.0010000000474974513,4027,715.998046875,0.4714701771736145,,,,,
76,,4049,,,0.473388671875,1.5809972286224365,,,
,,456,,,,,,0.47607421875,
,,457,,,,,,0.466064453125,
,,458,,,,,,0.477294921875,
,,459,,,,,,0.475341796875,
,,460,,,,,,0.502197265625,
,,461,,,,,,0.4913189113140106,
76,,4080,,,,,0.48121029138565063,,1.5237417221069336
76,0.0010000000474974513,4080,725.3013916015625,0.4725760221481323,,,,,
77,,4099,,,0.46240234375,1.568916916847229,,,
,,462,,,,,,0.475341796875,
,,463,,,,,,0.468017578125,
,,464,,,,,,0.478759765625,
,,465,,,,,,0.478515625,
,,466,,,,,,0.493896484375,
,,467,,,,,,0.4894913136959076,
77,,4133,,,,,0.48125237226486206,,1.5362533330917358
77,0.0010000000474974513,4133,734.3734130859375,0.47597071528434753,,,,,
78,,4149,,,0.46044921875,1.5751761198043823,,,
,,468,,,,,,0.471923828125,
,,469,,,,,,0.4794921875,
,,470,,,,,,0.485107421875,
,,471,,,,,,0.471923828125,
,,472,,,,,,0.49609375,
,,473,,,,,,0.4901005029678345,
78,,4186,,,,,0.48190465569496155,,1.532327651977539
78,0.0010000000474974513,4186,743.842041015625,0.47467315196990967,,,,,
79,,4199,,,0.46875,1.6068358421325684,,,
,,474,,,,,,0.479736328125,
,,475,,,,,,0.479736328125,
,,476,,,,,,0.483154296875,
,,477,,,,,,0.479248046875,
,,478,,,,,,0.49951171875,
,,479,,,,,,0.48431313037872314,
79,,4239,,,,,0.4856289327144623,,1.5371335744857788
79,0.0010000000474974513,4239,753.3485107421875,0.4707033336162567,,,,,
80,,4249,,,0.479248046875,1.570419192314148,,,
,,480,,,,,,0.478759765625,
,,481,,,,,,0.474853515625,
,,482,,,,,,0.491943359375,
,,483,,,,,,0.47509765625,
,,484,,,,,,0.498779296875,
,,485,,,,,,0.4815717339515686,
80,,4292,,,,,0.4861759841442108,,1.5232796669006348
80,0.0010000000474974513,4292,762.7518310546875,0.47642192244529724,,,,,
81,,4299,,,0.479736328125,1.53583562374115,,,
,,486,,,,,,0.46728515625,
,,487,,,,,,0.474853515625,
,,488,,,,,,0.469482421875,
,,489,,,,,,0.464111328125,
,,490,,,,,,0.49853515625,
,,491,,,,,,0.4961925148963928,
81,,4345,,,,,0.4771072566509247,,1.5452617406845093
81,0.0010000000474974513,4345,771.8779296875,0.48003169894218445,,,,,
82,,4349,,,0.473876953125,1.575416922569275,,,
,,492,,,,,,0.468017578125,
,,493,,,,,,0.464111328125,
,,494,,,,,,0.470458984375,
,,495,,,,,,0.478515625,
,,496,,,,,,0.494384765625,
,,497,,,,,,0.4855315387248993,
82,,4398,,,,,0.4753398001194,,1.5427019596099854
82,0.0010000000474974513,4398,781.3954467773438,0.4762232005596161,,,,,
83,,4399,,,0.48095703125,1.5239596366882324,,,
83,,4449,,,0.472900390625,1.584694504737854,,,
,,498,,,,,,0.474365234375,
,,499,,,,,,0.470947265625,
,,500,,,,,,0.47509765625,
,,501,,,,,,0.464111328125,
,,502,,,,,,0.495849609375,
,,503,,,,,,0.48492231965065,
83,,4451,,,,,0.4808104932308197,,1.5346577167510986
83,0.0010000000474974513,4451,790.1716918945312,0.47687315940856934,,,,,
84,,4499,,,0.47509765625,1.5269455909729004,,,
,,504,,,,,,0.482177734375,
,,505,,,,,,0.4814453125,
,,506,,,,,,0.48876953125,
,,507,,,,,,0.479736328125,
,,508,,,,,,0.494140625,
,,509,,,,,,0.49649709463119507,
84,,4504,,,,,0.4896898567676544,,1.510831594467163
84,0.0010000000474974513,4504,799.6409912109375,0.4802654981613159,,,,,
85,,4549,,,0.46630859375,1.596959114074707,,,
,,510,,,,,,0.47802734375,
,,511,,,,,,0.46337890625,
,,512,,,,,,0.48291015625,
,,513,,,,,,0.47314453125,
,,514,,,,,,0.496826171875,
,,515,,,,,,0.4873591363430023,
85,,4557,,,,,0.48154693841934204,,1.534286618232727
85,0.0010000000474974513,4557,809.3472290039062,0.48200491070747375,,,,,
86,,4599,,,0.481689453125,1.573432445526123,,,
,,516,,,,,,0.4833984375,
,,517,,,,,,0.477294921875,
,,518,,,,,,0.494384765625,
,,519,,,,,,0.4794921875,
,,520,,,,,,0.50341796875,
,,521,,,,,,0.4952787160873413,
86,,4610,,,,,0.4903421401977539,,1.5208553075790405
86,0.0010000000474974513,4610,818.5342407226562,0.4816519021987915,,,,,
87,,4649,,,0.471435546875,1.5383141040802002,,,
,,522,,,,,,0.473876953125,
,,523,,,,,,0.478515625,
,,524,,,,,,0.48486328125,
,,525,,,,,,0.48193359375,
,,526,,,,,,0.492431640625,
,,527,,,,,,0.48918673396110535,
87,,4663,,,,,0.48240962624549866,,1.538042664527893
87,0.0010000000474974513,4663,827.4774169921875,0.4820610284805298,,,,,
88,,4699,,,0.484619140625,1.5366194248199463,,,
,,528,,,,,,0.486328125,
,,529,,,,,,0.479248046875,
,,530,,,,,,0.4775390625,
,,531,,,,,,0.474365234375,
,,532,,,,,,0.502197265625,
,,533,,,,,,0.491014301776886,
88,,4716,,,,,0.48588141798973083,,1.5183100700378418
88,0.0010000000474974513,4716,836.8323974609375,0.483676552772522,,,,,
89,,4749,,,0.49755859375,1.5218467712402344,,,
,,534,,,,,,0.4736328125,
,,535,,,,,,0.470458984375,
,,536,,,,,,0.476318359375,
,,537,,,,,,0.465576171875,
,,538,,,,,,0.492431640625,
,,539,,,,,,0.491014301776886,
89,,4769,,,,,0.4766864478588104,,1.580064058303833
89,0.0010000000474974513,4769,847.2261962890625,0.48644933104515076,,,,,
90,,4799,,,0.465087890625,1.543346881866455,,,
,,540,,,,,,0.479248046875,
,,541,,,,,,0.478759765625,
,,542,,,,,,0.493896484375,
,,543,,,,,,0.48291015625,
,,544,,,,,,0.507080078125,
,,545,,,,,,0.4885775148868561,
90,,4822,,,,,0.4873332381248474,,1.5217795372009277
90,0.0010000000474974513,4822,856.323486328125,0.4744206666946411,,,,,
91,,4849,,,0.490478515625,1.4999488592147827,,,
,,546,,,,,,0.477294921875,
,,547,,,,,,0.48486328125,
,,548,,,,,,0.488525390625,
,,549,,,,,,0.475341796875,
,,550,,,,,,0.49658203125,
,,551,,,,,,0.49406030774116516,
91,,4875,,,,,0.4892900586128235,,1.5189261436462402
91,0.0010000000474974513,4875,865.5892333984375,0.48038238286972046,,,,,
92,,4899,,,0.492919921875,1.5043556690216064,,,
,,552,,,,,,0.485595703125,
,,553,,,,,,0.482666015625,
,,554,,,,,,0.48779296875,
,,555,,,,,,0.48193359375,
,,556,,,,,,0.510986328125,
,,557,,,,,,0.5041120648384094,
92,,4928,,,,,0.4924883246421814,,1.5023572444915771
92,0.0010000000474974513,4928,874.7804565429688,0.48619216680526733,,,,,
93,,4949,,,0.490234375,1.5397342443466187,,,
,,558,,,,,,0.482421875,
,,559,,,,,,0.476806640625,
,,560,,,,,,0.49072265625,
,,561,,,,,,0.48779296875,
,,562,,,,,,0.509521484375,
,,563,,,,,,0.5001522898674011,
93,,4981,,,,,0.49044734239578247,,1.5155750513076782
93,0.0010000000474974513,4981,883.6665649414062,0.4845485985279083,,,,,
94,,4999,,,0.490234375,1.5398707389831543,,,
,,564,,,,,,0.477783203125,
,,565,,,,,,0.488525390625,
,,566,,,,,,0.489013671875,
,,567,,,,,,0.494140625,
,,568,,,,,,0.510986328125,
,,569,,,,,,0.49558329582214355,
94,,5034,,,,,0.4911206364631653,,1.520740270614624
94,0.0010000000474974513,5034,893.5418090820312,0.4889088273048401,,,,,
95,,5049,,,0.47412109375,1.560772180557251,,,
,,570,,,,,,0.48779296875,
,,571,,,,,,0.481201171875,
,,572,,,,,,0.501708984375,
,,573,,,,,,0.50048828125,
,,574,,,,,,0.512451171875,
,,575,,,,,,0.5095948576927185,
95,,5087,,,,,0.495854914188385,,1.4921659231185913
95,0.0010000000474974513,5087,902.378662109375,0.4921164810657501,,,,,
96,,5099,,,0.49267578125,1.4888948202133179,,,
,,576,,,,,,0.482666015625,
,,577,,,,,,0.486572265625,
,,578,,,,,,0.499267578125,
,,579,,,,,,0.479736328125,
,,580,,,,,,0.507568359375,
,,581,,,,,,0.491014301776886,
96,,5140,,,,,0.49206748604774475,,1.5084670782089233
96,0.0010000000474974513,5140,911.5747680664062,0.4848010838031769,,,,,
97,,5149,,,0.47998046875,1.5153894424438477,,,
,,582,,,,,,0.484130859375,
,,583,,,,,,0.47900390625,
,,584,,,,,,0.4931640625,
,,585,,,,,,0.489990234375,
,,586,,,,,,0.502197265625,
,,587,,,,,,0.5010660886764526,
97,,5193,,,,,0.4923410415649414,,1.5081017017364502
97,0.0010000000474974513,5193,920.9485473632812,0.4900287091732025,,,,,
98,,5199,,,0.483154296875,1.5270916223526,,,
,,588,,,,,,0.4765625,
,,589,,,,,,0.473388671875,
,,590,,,,,,0.48779296875,
,,591,,,,,,0.476806640625,
,,592,,,,,,0.500244140625,
,,593,,,,,,0.491014301776886,
98,,5246,,,,,0.486996591091156,,1.52421236038208
98,0.0010000000474974513,5246,930.4564208984375,0.4919808804988861,,,,,
99,,5249,,,0.4794921875,1.5416858196258545,,,
99,,5299,,,0.4816513657569885,1.4941751956939697,,,
,,594,,,,,,0.487060546875,
,,595,,,,,,0.484619140625,
,,596,,,,,,0.490234375,
,,597,,,,,,0.4814453125,
,,598,,,,,,0.503173828125,
,,599,,,,,,0.5028936862945557,
99,,5299,,,,,0.49309852719306946,,1.4962997436523438
99,0.0010000000474974513,5299,939.7981567382812,0.4871998131275177,,,,,
100,,5349,,,0.479248046875,1.5425912141799927,,,
,,600,,,,,,0.490966796875,
,,601,,,,,,0.493408203125,
,,602,,,,,,0.492431640625,
,,603,,,,,,0.47412109375,
,,604,,,,,,0.503662109375,
,,605,,,,,,0.507158100605011,
100,,5352,,,,,0.49488699436187744,,1.4941425323486328
100,0.0010000000474974513,5352,950.501953125,0.4913893938064575,,,,,
101,,5399,,,0.496826171875,1.5026530027389526,,,
,,606,,,,,,0.495849609375,
,,607,,,,,,0.48974609375,
,,608,,,,,,0.505859375,
,,609,,,,,,0.493408203125,
,,610,,,,,,0.515380859375,
,,611,,,,,,0.506853461265564,
101,,5405,,,,,0.5005680918693542,,1.4914231300354004
101,0.0010000000474974513,5405,959.2877807617188,0.49512073397636414,,,,,
102,,5449,,,0.498291015625,1.487390398979187,,,
,,612,,,,,,0.49072265625,
,,613,,,,,,0.4912109375,
,,614,,,,,,0.50146484375,
,,615,,,,,,0.494384765625,
,,616,,,,,,0.50732421875,
,,617,,,,,,0.510813295841217,
102,,5458,,,,,0.49840086698532104,,1.4970647096633911
102,0.0010000000474974513,5458,968.6331787109375,0.49337664246559143,,,,,
103,,5499,,,0.49853515625,1.504391074180603,,,
,,618,,,,,,0.496337890625,
,,619,,,,,,0.48974609375,
,,620,,,,,,0.491943359375,
,,621,,,,,,0.49072265625,
,,622,,,,,,0.518798828125,
,,623,,,,,,0.5111178755760193,
103,,5511,,,,,0.5001262426376343,,1.473199486732483
103,0.0010000000474974513,5511,976.716796875,0.4989713132381439,,,,,
104,,5549,,,0.508544921875,1.445955753326416,,,
,,624,,,,,,0.483642578125,
,,625,,,,,,0.486572265625,
,,626,,,,,,0.498291015625,
,,627,,,,,,0.49658203125,
,,628,,,,,,0.51318359375,
,,629,,,,,,0.5047212839126587,
104,,5564,,,,,0.4954971969127655,,1.5010390281677246
104,0.0010000000474974513,5564,985.7402954101562,0.49779531359672546,,,,,
105,,5599,,,0.5068359375,1.4457849264144897,,,
,,630,,,,,,0.48876953125,
,,631,,,,,,0.493896484375,
,,632,,,,,,0.503173828125,
,,633,,,,,,0.4990234375,
,,634,,,,,,0.517822265625,
,,635,,,,,,0.5159914493560791,
105,,5617,,,,,0.5003366470336914,,1.4918015003204346
105,0.0010000000474974513,5617,995.1485595703125,0.5003483295440674,,,,,
106,,5649,,,0.500732421875,1.455777883529663,,,
,,636,,,,,,0.493896484375,
,,637,,,,,,0.496826171875,
,,638,,,,,,0.4951171875,
,,639,,,,,,0.50146484375,
,,640,,,,,,0.51611328125,
,,641,,,,,,0.5159914493560791,
106,,5670,,,,,0.5042292475700378,,1.4839547872543335
106,0.0010000000474974513,5670,1004.4312744140625,0.5012367963790894,,,,,
107,,5699,,,0.5078125,1.4312617778778076,,,
,,642,,,,,,0.482666015625,
,,643,,,,,,0.494140625,
,,644,,,,,,0.498291015625,
,,645,,,,,,0.494384765625,
,,646,,,,,,0.51171875,
,,647,,,,,,0.5144684910774231,
107,,5723,,,,,0.4996633529663086,,1.4839311838150024
107,0.0010000000474974513,5723,1013.5709228515625,0.5026231408119202,,,,,
108,,5749,,,0.503662109375,1.4841148853302002,,,
,,648,,,,,,0.4921875,
,,649,,,,,,0.495849609375,
,,650,,,,,,0.494140625,
,,651,,,,,,0.493408203125,
,,652,,,,,,0.509033203125,
,,653,,,,,,0.5111178755760193,
108,,5776,,,,,0.5010731220245361,,1.4788553714752197
108,0.0010000000474974513,5776,1023.27978515625,0.498627632856369,,,,,
109,,5799,,,0.489990234375,1.469700813293457,,,
,,654,,,,,,0.49267578125,
,,655,,,,,,0.48095703125,
,,656,,,,,,0.49755859375,
,,657,,,,,,0.50048828125,
,,658,,,,,,0.514892578125,
,,659,,,,,,0.512336254119873,
109,,5829,,,,,0.5006101727485657,,1.4926280975341797
109,0.0010000000474974513,5829,1032.5673828125,0.5020737648010254,,,,,
110,,5849,,,0.509765625,1.4468472003936768,,,
,,660,,,,,,0.494873046875,
,,661,,,,,,0.4990234375,
,,662,,,,,,0.5078125,
,,663,,,,,,0.5048828125,
,,664,,,,,,0.526123046875,
,,665,,,,,,0.508985698223114,
110,,5882,,,,,0.50725919008255,,1.4694713354110718
110,0.0010000000474974513,5882,1042.5458984375,0.5049914717674255,,,,,
111,,5899,,,0.497314453125,1.4570765495300293,,,
,,666,,,,,,0.488525390625,
,,667,,,,,,0.49462890625,
,,668,,,,,,0.504150390625,
,,669,,,,,,0.4990234375,
,,670,,,,,,0.50830078125,
,,671,,,,,,0.5196466445922852,
111,,5935,,,,,0.5023145079612732,,1.5007340908050537
111,0.0010000000474974513,5935,1051.604736328125,0.5050031542778015,,,,,
112,,5949,,,0.505126953125,1.4521450996398926,,,
,,672,,,,,,0.50244140625,
,,673,,,,,,0.5029296875,
,,674,,,,,,0.5048828125,
,,675,,,,,,0.4990234375,
,,676,,,,,,0.52001953125,
,,677,,,,,,0.5214742422103882,
112,,5988,,,,,0.5073012709617615,,1.466025948524475
112,0.0010000000474974513,5988,1061.0487060546875,0.505699872970581,,,,,
113,,5999,,,0.511962890625,1.4732928276062012,,,
,,678,,,,,,0.491943359375,
,,679,,,,,,0.498046875,
,,680,,,,,,0.493408203125,
,,681,,,,,,0.4921875,
,,682,,,,,,0.52099609375,
,,683,,,,,,0.5114224553108215,
113,,6041,,,,,0.5028616189956665,,1.4796336889266968
113,0.0010000000474974513,6041,1070.275146484375,0.5098754167556763,,,,,
114,,6049,,,0.50732421875,1.4481220245361328,,,
,,684,,,,,,0.492431640625,
,,685,,,,,,0.498779296875,
,,686,,,,,,0.5048828125,
,,687,,,,,,0.496337890625,
,,688,,,,,,0.52001953125,
,,689,,,,,,0.5129454731941223,
114,,6094,,,,,0.5046079754829407,,1.4832370281219482
114,0.0010000000474974513,6094,1079.373779296875,0.508444607257843,,,,,
115,,6099,,,0.510986328125,1.4148261547088623,,,
,,690,,,,,,0.501708984375,
,,691,,,,,,0.504150390625,
,,692,,,,,,0.497314453125,
,,693,,,,,,0.516845703125,
,,694,,,,,,0.526611328125,
,,695,,,,,,0.5214742422103882,
115,,6147,,,,,0.5104784965515137,,1.4610801935195923
115,0.0010000000474974513,6147,1088.848388671875,0.5105581283569336,,,,,
116,,6149,,,0.51513671875,1.4062905311584473,,,
116,,6199,,,0.515625,1.3746000528335571,,,
,,696,,,,,,0.501708984375,
,,697,,,,,,0.510986328125,
,,698,,,,,,0.50244140625,
,,699,,,,,,0.514404296875,
,,700,,,,,,0.516357421875,
,,701,,,,,,0.5236064791679382,
116,,6200,,,,,0.5121407508850098,,1.4594435691833496
116,0.0010000000474974513,6200,1098.1865234375,0.5136605501174927,,,,,
117,,6249,,,0.516357421875,1.4218921661376953,,,
,,702,,,,,,0.501708984375,
,,703,,,,,,0.497314453125,
,,704,,,,,,0.501953125,
,,705,,,,,,0.5048828125,
,,706,,,,,,0.52197265625,
,,707,,,,,,0.5199512839317322,
117,,6253,,,,,0.5089424848556519,,1.4674155712127686
117,0.0010000000474974513,6253,1107.668212890625,0.5123559832572937,,,,,
118,,6299,,,0.517578125,1.378967046737671,,,
,,708,,,,,,0.504150390625,
,,709,,,,,,0.5,
,,710,,,,,,0.512451171875,
,,711,,,,,,0.515869140625,
,,712,,,,,,0.5244140625,
,,713,,,,,,0.5175144672393799,
118,,6306,,,,,0.5137819051742554,,1.4511569738388062
118,0.0010000000474974513,6306,1116.746337890625,0.516211211681366,,,,,
119,,6349,,,0.50244140625,1.43912935256958,,,
,,714,,,,,,0.514404296875,
,,715,,,,,,0.504150390625,
,,716,,,,,,0.494873046875,
,,717,,,,,,0.501220703125,
,,718,,,,,,0.5244140625,
,,719,,,,,,0.5205604434013367,
119,,6359,,,,,0.5110886693000793,,1.4463669061660767
119,0.0010000000474974513,6359,1125.9931640625,0.5157366394996643,,,,,
120,,6399,,,0.513916015625,1.3857367038726807,,,
,,720,,,,,,0.510498046875,
,,721,,,,,,0.507080078125,
,,722,,,,,,0.512939453125,
,,723,,,,,,0.512939453125,
,,724,,,,,,0.5283203125,
,,725,,,,,,0.5214742422103882,
120,,6412,,,,,0.5160543918609619,,1.4389991760253906
120,0.0010000000474974513,6412,1135.01806640625,0.519610583782196,,,,,
121,,6449,,,0.51416015625,1.4000908136367798,,,
,,726,,,,,,0.50634765625,
,,727,,,,,,0.50146484375,
,,728,,,,,,0.50634765625,
,,729,,,,,,0.510498046875,
,,730,,,,,,0.518798828125,
,,731,,,,,,0.5226926803588867,
121,,6465,,,,,0.5100365877151489,,1.450321912765503
121,0.0010000000474974513,6465,1144.7491455078125,0.5199682712554932,,,,,
122,,6499,,,0.537109375,1.3365164995193481,,,
,,732,,,,,,0.512451171875,
,,733,,,,,,0.494140625,
,,734,,,,,,0.50927734375,
,,735,,,,,,0.51171875,
,,736,,,,,,0.5234375,
,,737,,,,,,0.5214742422103882,
122,,6518,,,,,0.5148129463195801,,1.4492323398590088
122,0.0010000000474974513,6518,1154.3824462890625,0.5223880410194397,,,,,
123,,6549,,,0.526123046875,1.370730996131897,,,
,,738,,,,,,0.513427734375,
,,739,,,,,,0.500244140625,
,,740,,,,,,0.51708984375,
,,741,,,,,,0.52490234375,
,,742,,,,,,0.53076171875,
,,743,,,,,,0.5272616744041443,
123,,6571,,,,,0.5178849697113037,,1.441267967224121
123,0.0010000000474974513,6571,1163.73876953125,0.5223179459571838,,,,,
124,,6599,,,0.523681640625,1.3971142768859863,,,
,,744,,,,,,0.5078125,
,,745,,,,,,0.507080078125,
,,746,,,,,,0.51708984375,
,,747,,,,,,0.51953125,
,,748,,,,,,0.5283203125,
,,749,,,,,,0.5324398279190063,
124,,6624,,,,,0.5182636976242065,,1.4399219751358032
124,0.0010000000474974513,6624,1173.16357421875,0.5242350101470947,,,,,
125,,6649,,,0.5244140625,1.3662275075912476,,,
,,750,,,,,,0.51220703125,
,,751,,,,,,0.505615234375,
,,752,,,,,,0.506591796875,
,,753,,,,,,0.5126953125,
,,754,,,,,,0.532958984375,
,,755,,,,,,0.5306122303009033,
125,,6677,,,,,0.517001211643219,,1.4410957098007202
125,0.0010000000474974513,6677,1182.472412109375,0.5263134241104126,,,,,
126,,6699,,,0.52392578125,1.4063764810562134,,,
,,756,,,,,,0.5107421875,
,,757,,,,,,0.504638671875,
,,758,,,,,,0.515625,
,,759,,,,,,0.51220703125,
,,760,,,,,,0.524658203125,
,,761,,,,,,0.5309168696403503,
126,,6730,,,,,0.5182005763053894,,1.4431184530258179
126,0.0010000000474974513,6730,1191.7640380859375,0.5260446071624756,,,,,
127,,6749,,,0.533203125,1.3479446172714233,,,
,,762,,,,,,0.505859375,
,,763,,,,,,0.513916015625,
,,764,,,,,,0.515869140625,
,,765,,,,,,0.511962890625,
,,766,,,,,,0.5341796875,
,,767,,,,,,0.5187328457832336,
127,,6783,,,,,0.5169591307640076,,1.430690884590149
127,0.0010000000474974513,6783,1200.9925537109375,0.5265074968338013,,,,,
128,,6799,,,0.532958984375,1.3583072423934937,,,
,,768,,,,,,0.5078125,
,,769,,,,,,0.497802734375,
,,770,,,,,,0.52197265625,
,,771,,,,,,0.514892578125,
,,772,,,,,,0.525390625,
,,773,,,,,,0.5233018398284912,
128,,6836,,,,,0.5149602293968201,,1.4427084922790527
128,0.0010000000474974513,6836,1210.760498046875,0.5296473503112793,,,,,
129,,6849,,,0.5263671875,1.3266830444335938,,,
,,774,,,,,,0.51513671875,
,,775,,,,,,0.51123046875,
,,776,,,,,,0.503173828125,
,,777,,,,,,0.513427734375,
,,778,,,,,,0.52392578125,
,,779,,,,,,0.522997260093689,
129,,6889,,,,,0.5154862403869629,,1.4420477151870728
129,0.0010000000474974513,6889,1219.71533203125,0.5303159952163696,,,,,
130,,6899,,,0.543701171875,1.3384335041046143,,,
,,780,,,,,,0.506591796875,
,,781,,,,,,0.507080078125,
,,782,,,,,,0.5126953125,
,,783,,,,,,0.5205078125,
,,784,,,,,,0.530029296875,
,,785,,,,,,0.5370088219642639,
130,,6942,,,,,0.518453061580658,,1.431288480758667
130,0.0010000000474974513,6942,1229.15625,0.5322354435920715,,,,,
131,,6949,,,0.54296875,1.2941341400146484,,,
,,786,,,,,,0.50341796875,
,,787,,,,,,0.505859375,
,,788,,,,,,0.5029296875,
,,789,,,,,,0.5126953125,
,,790,,,,,,0.5234375,
,,791,,,,,,0.5166006684303284,
131,,6995,,,,,0.512856125831604,,1.44198739528656
131,0.0010000000474974513,6995,1239.626708984375,0.534260094165802,,,,,
132,,6999,,,0.529296875,1.3174101114273071,,,
,,792,,,,,,0.50146484375,
,,793,,,,,,0.500732421875,
,,794,,,,,,0.507568359375,
,,795,,,,,,0.51513671875,
,,796,,,,,,0.528564453125,
,,797,,,,,,0.5226926803588867,
132,,7048,,,,,0.5110255479812622,,1.4459547996520996
132,0.0010000000474974513,7048,1249.6064453125,0.5340192914009094,,,,,
133,,7049,,,0.525146484375,1.340023159980774,,,
133,,7099,,,0.52783203125,1.3168421983718872,,,
,,798,,,,,,0.518310546875,
,,799,,,,,,0.503173828125,
,,800,,,,,,0.517578125,
,,801,,,,,,0.518310546875,
,,802,,,,,,0.535400390625,
,,803,,,,,,0.5306122303009033,
133,,7101,,,,,0.5196103453636169,,1.4348297119140625
133,0.0010000000474974513,7101,1258.7822265625,0.5328480005264282,,,,,
134,,7149,,,0.536376953125,1.3162287473678589,,,
,,804,,,,,,0.51171875,
,,805,,,,,,0.509033203125,
,,806,,,,,,0.5087890625,
,,807,,,,,,0.52392578125,
,,808,,,,,,0.523681640625,
,,809,,,,,,0.5321352481842041,
134,,7154,,,,,0.5197365880012512,,1.436990737915039
134,0.0010000000474974513,7154,1268.154052734375,0.5378698706626892,,,,,
135,,7199,,,0.543212890625,1.299924612045288,,,
,,810,,,,,,0.514892578125,
,,811,,,,,,0.507568359375,
,,812,,,,,,0.51025390625,
,,813,,,,,,0.521728515625,
,,814,,,,,,0.529296875,
,,815,,,,,,0.5394456386566162,
135,,7207,,,,,0.5199259519577026,,1.4371483325958252
135,0.0010000000474974513,7207,1278.052978515625,0.5383000373840332,,,,,
136,,7249,,,0.54736328125,1.2862787246704102,,,
,,816,,,,,,0.510498046875,
,,817,,,,,,0.5068359375,
,,818,,,,,,0.513427734375,
,,819,,,,,,0.521240234375,
,,820,,,,,,0.53564453125,
,,821,,,,,,0.5281754732131958,
136,,7260,,,,,0.5214409232139587,,1.4272820949554443
136,0.0010000000474974513,7260,1288.0595703125,0.5382930040359497,,,,,
137,,7299,,,0.541259765625,1.3545386791229248,,,
,,822,,,,,,0.5166015625,
,,823,,,,,,0.507080078125,
,,824,,,,,,0.514404296875,
,,825,,,,,,0.518310546875,
,,826,,,,,,0.53271484375,
,,827,,,,,,0.5263478755950928,
137,,7313,,,,,0.5194840431213379,,1.4418587684631348
137,0.0010000000474974513,7313,1296.9915771484375,0.5405117273330688,,,,,
138,,7349,,,0.52880859375,1.2950191497802734,,,
,,828,,,,,,0.52880859375,
,,829,,,,,,0.508056640625,
,,830,,,,,,0.513427734375,
,,831,,,,,,0.51904296875,
,,832,,,,,,0.530517578125,
,,833,,,,,,0.5321352481842041,
138,,7366,,,,,0.5213146209716797,,1.4365782737731934
138,0.0010000000474974513,7366,1306.7340087890625,0.5414586067199707,,,,,
139,,7399,,,0.5380859375,1.3215746879577637,,,
,,834,,,,,,0.52001953125,
,,835,,,,,,0.502197265625,
,,836,,,,,,0.503662109375,
,,837,,,,,,0.517333984375,
,,838,,,,,,0.527099609375,
,,839,,,,,,0.528480052947998,
139,,7419,,,,,0.5179691314697266,,1.441267967224121
139,0.0010000000474974513,7419,1316.488037109375,0.5432471036911011,,,,,
140,,7449,,,0.537353515625,1.302812099456787,,,
,,840,,,,,,0.50634765625,
,,841,,,,,,0.5107421875,
,,842,,,,,,0.52001953125,
,,843,,,,,,0.51513671875,
,,844,,,,,,0.537841796875,
,,845,,,,,,0.5312214493751526,
140,,7472,,,,,0.5198417901992798,,1.4383090734481812
140,0.0010000000474974513,7472,1325.18408203125,0.5446919798851013,,,,,
141,,7499,,,0.55322265625,1.2892351150512695,,,
,,846,,,,,,0.510498046875,
,,847,,,,,,0.51220703125,
,,848,,,,,,0.51416015625,
,,849,,,,,,0.512451171875,
,,850,,,,,,0.53369140625,
,,851,,,,,,0.5202558636665344,
141,,7525,,,,,0.5173799395561218,,1.4418666362762451
141,0.0010000000474974513,7525,1334.1688232421875,0.546162486076355,,,,,
142,,7549,,,0.553955078125,1.2963484525680542,,,
,,852,,,,,,0.520263671875,
,,853,,,,,,0.503173828125,
,,854,,,,,,0.51904296875,
,,855,,,,,,0.51904296875,
,,856,,,,,,0.515625,
,,857,,,,,,0.5281754732131958,
142,,7578,,,,,0.5200311541557312,,1.4436887502670288
142,0.0010000000474974513,7578,1343.3359375,0.546323835849762,,,,,
143,,7599,,,0.548095703125,1.284835696220398,,,
,,858,,,,,,0.517822265625,
,,859,,,,,,0.497802734375,
,,860,,,,,,0.510498046875,
,,861,,,,,,0.5224609375,
,,862,,,,,,0.524169921875,
,,863,,,,,,0.5321352481842041,
143,,7631,,,,,0.5175272226333618,,1.4434723854064941
143,0.0010000000474974513,7631,1352.5216064453125,0.5479416847229004,,,,,
144,,7649,,,0.546875,1.2559852600097656,,,
,,864,,,,,,0.511474609375,
,,865,,,,,,0.507080078125,
,,866,,,,,,0.502685546875,
,,867,,,,,,0.525390625,
,,868,,,,,,0.523193359375,
,,869,,,,,,0.5272616744041443,
144,,7684,,,,,0.5146446228027344,,1.44745934009552
144,0.0010000000474974513,7684,1362.2357177734375,0.5508126616477966,,,,,
145,,7699,,,0.5458984375,1.2627501487731934,,,
,,870,,,,,,0.514404296875,
,,871,,,,,,0.51123046875,
,,872,,,,,,0.509033203125,
,,873,,,,,,0.524169921875,
,,874,,,,,,0.5302734375,
,,875,,,,,,0.539141058921814,
145,,7737,,,,,0.5206413269042969,,1.448014259338379
145,0.0010000000474974513,7737,1371.42333984375,0.5504876971244812,,,,,
146,,7749,,,0.544677734375,1.2506728172302246,,,
,,876,,,,,,0.511962890625,
,,877,,,,,,0.507568359375,
,,878,,,,,,0.50439453125,
,,879,,,,,,0.518798828125,
,,880,,,,,,0.53125,
,,881,,,,,,0.5260432362556458,
146,,7790,,,,,0.51569664478302,,1.460905909538269
146,0.0010000000474974513,7790,1381.2449951171875,0.5508173704147339,,,,,
147,,7799,,,0.54541015625,1.302796483039856,,,
,,882,,,,,,0.51318359375,
,,883,,,,,,0.507080078125,
,,884,,,,,,0.509033203125,
,,885,,,,,,0.535400390625,
,,886,,,,,,0.535888671875,
,,887,,,,,,0.5263478755950928,
147,,7843,,,,,0.5200311541557312,,1.4441685676574707
147,0.0010000000474974513,7843,1390.76318359375,0.5505414605140686,,,,,
148,,7849,,,0.551513671875,1.2263120412826538,,,
,,888,,,,,,0.516845703125,
,,889,,,,,,0.5078125,
,,890,,,,,,0.519287109375,
,,891,,,,,,0.517578125,
,,892,,,,,,0.529296875,
,,893,,,,,,0.5251294374465942,
148,,7896,,,,,0.5196945071220398,,1.4475826025009155
148,0.0010000000474974513,7896,1399.8272705078125,0.5550209283828735,,,,,
149,,7899,,,0.547607421875,1.269127607345581,,,
149,,7949,,,0.5607798099517822,1.2427411079406738,,,
,,894,,,,,,0.50537109375,
,,895,,,,,,0.50390625,
,,896,,,,,,0.51171875,
,,897,,,,,,0.513671875,
,,898,,,,,,0.529296875,
,,899,,,,,,0.5354858636856079,
149,,7949,,,,,0.5191263556480408,,1.447135329246521
149,0.0010000000474974513,7949,1409.07861328125,0.5546398758888245,,,,,
150,,7999,,,0.557861328125,1.236340045928955,,,
,,900,,,,,,0.51904296875,
,,901,,,,,,0.50439453125,
,,902,,,,,,0.50537109375,
,,903,,,,,,0.51318359375,
,,904,,,,,,0.527099609375,
,,905,,,,,,0.5254340767860413,
150,,8002,,,,,0.5194209218025208,,1.450073003768921
150,0.0010000000474974513,8002,1418.361328125,0.5553903579711914,,,,,
151,,8049,,,0.53955078125,1.2600224018096924,,,
,,906,,,,,,0.510009765625,
,,907,,,,,,0.517578125,
,,908,,,,,,0.510009765625,
,,909,,,,,,0.518798828125,
,,910,,,,,,0.538330078125,
,,911,,,,,,0.5293938517570496,
151,,8055,,,,,0.5185793042182922,,1.4714229106903076
151,0.0010000000474974513,8055,1427.7974853515625,0.5548338890075684,,,,,
152,,8099,,,0.5654296875,1.2358046770095825,,,
,,912,,,,,,0.503662109375,
,,913,,,,,,0.502197265625,
,,914,,,,,,0.510009765625,
,,915,,,,,,0.527099609375,
,,916,,,,,,0.52294921875,
,,917,,,,,,0.5199512839317322,
152,,8108,,,,,0.5163910388946533,,1.4638348817825317
152,0.0010000000474974513,8108,1436.882568359375,0.5575506091117859,,,,,
153,,8149,,,0.546142578125,1.247268557548523,,,
,,918,,,,,,0.518798828125,
,,919,,,,,,0.5126953125,
,,920,,,,,,0.519287109375,
,,921,,,,,,0.52001953125,
,,922,,,,,,0.532470703125,
,,923,,,,,,0.5373134613037109,
153,,8161,,,,,0.5216934084892273,,1.4549509286880493
153,0.0010000000474974513,8161,1445.7919921875,0.5589252710342407,,,,,
154,,8199,,,0.57470703125,1.2141239643096924,,,
,,924,,,,,,0.519287109375,
,,925,,,,,,0.51123046875,
,,926,,,,,,0.51171875,
,,927,,,,,,0.51953125,
,,928,,,,,,0.52734375,
,,929,,,,,,0.5293938517570496,
154,,8214,,,,,0.5218827724456787,,1.4636919498443604
154,0.0010000000474974513,8214,1456.4393310546875,0.5617004036903381,,,,,
155,,8249,,,0.560791015625,1.2248879671096802,,,
,,930,,,,,,0.495849609375,
,,931,,,,,,0.514892578125,
,,932,,,,,,0.51025390625,
,,933,,,,,,0.52734375,
,,934,,,,,,0.530517578125,
,,935,,,,,,0.5309168696403503,
155,,8267,,,,,0.516853928565979,,1.4624333381652832
155,0.0010000000474974513,8267,1465.381591796875,0.5606086254119873,,,,,
156,,8299,,,0.556884765625,1.2202119827270508,,,
,,936,,,,,,0.507080078125,
,,937,,,,,,0.5078125,
,,938,,,,,,0.513427734375,
,,939,,,,,,0.528076171875,
,,940,,,,,,0.523193359375,
,,941,,,,,,0.5190374851226807,
156,,8320,,,,,0.5174641013145447,,1.472023844718933
156,0.0010000000474974513,8320,1474.6982421875,0.5628296732902527,,,,,
157,,8349,,,0.564453125,1.226267695426941,,,
,,942,,,,,,0.517578125,
,,943,,,,,,0.50634765625,
,,944,,,,,,0.52099609375,
,,945,,,,,,0.526611328125,
,,946,,,,,,0.531494140625,
,,947,,,,,,0.5275662541389465,
157,,8373,,,,,0.5201573967933655,,1.483443260192871
157,0.0010000000474974513,8373,1483.69873046875,0.5618056058883667,,,,,
158,,8399,,,0.5712890625,1.1956791877746582,,,
,,948,,,,,,0.5166015625,
,,949,,,,,,0.50048828125,
,,950,,,,,,0.51318359375,
,,951,,,,,,0.530517578125,
,,952,,,,,,0.518798828125,
,,953,,,,,,0.5300030708312988,
158,,8426,,,,,0.5182216167449951,,1.4770565032958984
158,0.0010000000474974513,8426,1492.36962890625,0.5646929740905762,,,,,
159,,8449,,,0.56005859375,1.2025935649871826,,,
,,954,,,,,,0.52490234375,
,,955,,,,,,0.508544921875,
,,956,,,,,,0.51318359375,
,,957,,,,,,0.518798828125,
,,958,,,,,,0.530029296875,
,,959,,,,,,0.5321352481842041,
159,,8479,,,,,0.5197576284408569,,1.4791269302368164
159,0.0010000000474974513,8479,1501.800537109375,0.5640617609024048,,,,,
160,,8499,,,0.5595703125,1.2147297859191895,,,
,,960,,,,,,0.517578125,
,,961,,,,,,0.5009765625,
,,962,,,,,,0.50927734375,
,,963,,,,,,0.521728515625,
,,964,,,,,,0.520263671875,
,,965,,,,,,0.5208650827407837,
160,,8532,,,,,0.5157387256622314,,1.4841840267181396
160,0.0010000000474974513,8532,1510.4136962890625,0.566956102848053,,,,,
161,,8549,,,0.5654296875,1.2131867408752441,,,
,,966,,,,,,0.515869140625,
,,967,,,,,,0.5107421875,
,,968,,,,,,0.504150390625,
,,969,,,,,,0.5302734375,
,,970,,,,,,0.535888671875,
,,971,,,,,,0.5205604434013367,
161,,8585,,,,,0.5169380903244019,,1.499866247177124
161,0.0010000000474974513,8585,1519.617919921875,0.5667994618415833,,,,,
162,,8599,,,0.572021484375,1.1936677694320679,,,
,,972,,,,,,0.515625,
,,973,,,,,,0.505126953125,
,,974,,,,,,0.51513671875,
,,975,,,,,,0.5166015625,
,,976,,,,,,0.52587890625,
,,977,,,,,,0.5199512839317322,
162,,8638,,,,,0.5164541602134705,,1.488274335861206
162,0.0010000000474974513,8638,1529.359375,0.5678117871284485,,,,,
163,,8649,,,0.564453125,1.1763873100280762,,,
,,978,,,,,,0.514892578125,
,,979,,,,,,0.509033203125,
,,980,,,,,,0.510498046875,
,,981,,,,,,0.521728515625,
,,982,,,,,,0.530029296875,
,,983,,,,,,0.5263478755950928,
163,,8691,,,,,0.5190632343292236,,1.485636830329895
163,0.0010000000474974513,8691,1538.5189208984375,0.5692963600158691,,,,,
164,,8699,,,0.576904296875,1.1597235202789307,,,
,,984,,,,,,0.511474609375,
,,985,,,,,,0.507080078125,
,,986,,,,,,0.505859375,
,,987,,,,,,0.5126953125,
,,988,,,,,,0.530029296875,
,,989,,,,,,0.5312214493751526,
164,,8744,,,,,0.5180953741073608,,1.483763337135315
164,0.0010000000474974513,8744,1547.72998046875,0.5715828537940979,,,,,
165,,8749,,,0.564208984375,1.1796953678131104,,,
,,990,,,,,,0.510009765625,
,,991,,,,,,0.500244140625,
,,992,,,,,,0.505615234375,
,,993,,,,,,0.517578125,
,,994,,,,,,0.525146484375,
,,995,,,,,,0.526652455329895,
165,,8797,,,,,0.5124563574790955,,1.5222904682159424
165,0.0010000000474974513,8797,1557.0321044921875,0.5722234845161438,,,,,
166,,8799,,,0.57666015625,1.1403942108154297,,,
166,,8849,,,0.565185546875,1.1984138488769531,,,
,,996,,,,,,0.524169921875,
,,997,,,,,,0.503173828125,
,,998,,,,,,0.50341796875,
,,999,,,,,,0.521728515625,
,,1000,,,,,,0.526123046875,
,,1001,,,,,,0.5263478755950928,
166,,8850,,,,,0.5201784372329712,,1.4878422021865845
166,0.0010000000474974513,8850,1565.674560546875,0.572237491607666,,,,,
167,,8899,,,0.573486328125,1.165238380432129,,,
,,1002,,,,,,0.5107421875,
,,1003,,,,,,0.497314453125,
,,1004,,,,,,0.508056640625,
,,1005,,,,,,0.531982421875,
,,1006,,,,,,0.528076171875,
,,1007,,,,,,0.5321352481842041,
167,,8903,,,,,0.5175693035125732,,1.4957211017608643
167,0.0010000000474974513,8903,1575.50634765625,0.5757677555084229,,,,,
168,,8949,,,0.575439453125,1.1521539688110352,,,
,,1008,,,,,,0.51611328125,
,,1009,,,,,,0.508056640625,
,,1010,,,,,,0.512939453125,
,,1011,,,,,,0.530029296875,
,,1012,,,,,,0.519775390625,
,,1013,,,,,,0.5211696624755859,
168,,8956,,,,,0.5200521945953369,,1.5042182207107544
168,0.0010000000474974513,8956,1583.919921875,0.5744445323944092,,,,,
169,,8999,,,0.576904296875,1.1942708492279053,,,
,,1014,,,,,,0.510498046875,
,,1015,,,,,,0.491943359375,
,,1016,,,,,,0.50537109375,
,,1017,,,,,,0.521240234375,
,,1018,,,,,,0.52099609375,
,,1019,,,,,,0.526652455329895,
169,,9009,,,,,0.5157387256622314,,1.5248124599456787
169,0.0010000000474974513,9009,1592.485107421875,0.5763288736343384,,,,,
170,,9049,,,0.5849609375,1.1060892343521118,,,
,,1020,,,,,,0.521240234375,
,,1021,,,,,,0.5,
,,1022,,,,,,0.509033203125,
,,1023,,,,,,0.524658203125,
,,1024,,,,,,0.523193359375,
,,1025,,,,,,0.526652455329895,
170,,9062,,,,,0.5160964727401733,,1.5097006559371948
170,0.0010000000474974513,9062,1601.9515380859375,0.5782226324081421,,,,,
171,,9099,,,0.571533203125,1.1634249687194824,,,
,,1026,,,,,,0.52294921875,
,,1027,,,,,,0.505615234375,
,,1028,,,,,,0.510498046875,
,,1029,,,,,,0.526611328125,
,,1030,,,,,,0.52734375,
,,1031,,,,,,0.5184282660484314,
171,,9115,,,,,0.5164331197738647,,1.5107414722442627
171,0.0010000000474974513,9115,1611.00390625,0.577813446521759,,,,,
172,,9149,,,0.583984375,1.1354914903640747,,,
,,1032,,,,,,0.520751953125,
,,1033,,,,,,0.50390625,
,,1034,,,,,,0.508544921875,
,,1035,,,,,,0.5234375,
,,1036,,,,,,0.531005859375,
,,1037,,,,,,0.5257386565208435,
172,,9168,,,,,0.5219669342041016,,1.5097588300704956
172,0.0010000000474974513,9168,1620.079833984375,0.5790315270423889,,,,,
173,,9199,,,0.57568359375,1.1146821975708008,,,
,,1038,,,,,,0.51953125,
,,1039,,,,,,0.496826171875,
,,1040,,,,,,0.502197265625,
,,1041,,,,,,0.526611328125,
,,1042,,,,,,0.525146484375,
,,1043,,,,,,0.5147730708122253,
173,,9221,,,,,0.5151285529136658,,1.5149507522583008
173,0.0010000000474974513,9221,1629.3629150390625,0.5810000896453857,,,,,
174,,9249,,,0.579833984375,1.143829107284546,,,
,,1044,,,,,,0.520263671875,
,,1045,,,,,,0.505615234375,
,,1046,,,,,,0.50341796875,
,,1047,,,,,,0.530029296875,
,,1048,,,,,,0.526611328125,
,,1049,,,,,,0.5208650827407837,
174,,9274,,,,,0.5182426571846008,,1.498918890953064
174,0.0010000000474974513,9274,1638.58203125,0.5811520218849182,,,,,
175,,9299,,,0.5771484375,1.1614822149276733,,,
,,1050,,,,,,0.51708984375,
,,1051,,,,,,0.509033203125,
,,1052,,,,,,0.510009765625,
,,1053,,,,,,0.525634765625,
,,1054,,,,,,0.53173828125,
,,1055,,,,,,0.5254340767860413,
175,,9327,,,,,0.5217354893684387,,1.5100973844528198
175,0.0010000000474974513,9327,1647.5947265625,0.5822228193283081,,,,,
176,,9349,,,0.568603515625,1.1420432329177856,,,
,,1056,,,,,,0.516357421875,
,,1057,,,,,,0.5048828125,
,,1058,,,,,,0.508056640625,
,,1059,,,,,,0.519775390625,
,,1060,,,,,,0.52978515625,
,,1061,,,,,,0.522997260093689,
176,,9380,,,,,0.51554936170578,,1.5317680835723877
176,0.0010000000474974513,9380,1657.557373046875,0.5849067568778992,,,,,
177,,9399,,,0.5849609375,1.1442850828170776,,,
,,1062,,,,,,0.510498046875,
,,1063,,,,,,0.514404296875,
,,1064,,,,,,0.513671875,
,,1065,,,,,,0.526123046875,
,,1066,,,,,,0.533203125,
,,1067,,,,,,0.5202558636665344,
177,,9433,,,,,0.5190632343292236,,1.5219511985778809
177,0.0010000000474974513,9433,1666.63916015625,0.5839739441871643,,,,,
178,,9449,,,0.594482421875,1.0715678930282593,,,
,,1068,,,,,,0.5205078125,
,,1069,,,,,,0.5107421875,
,,1070,,,,,,0.515869140625,
,,1071,,,,,,0.5166015625,
,,1072,,,,,,0.5322265625,
,,1073,,,,,,0.528480052947998,
178,,9486,,,,,0.5209358930587769,,1.53480863571167
178,0.0010000000474974513,9486,1675.8115234375,0.5859167575836182,,,,,
179,,9499,,,0.59423828125,1.1319289207458496,,,
,,1074,,,,,,0.512939453125,
,,1075,,,,,,0.512939453125,
,,1076,,,,,,0.50634765625,
,,1077,,,,,,0.525390625,
,,1078,,,,,,0.521728515625,
,,1079,,,,,,0.5144684910774231,
179,,9539,,,,,0.5164962410926819,,1.5249090194702148
179,0.0010000000474974513,9539,1684.962646484375,0.585322916507721,,,,,
180,,9549,,,0.5849609375,1.1060864925384521,,,
,,1080,,,,,,0.515625,
,,1081,,,,,,0.510498046875,
,,1082,,,,,,0.508544921875,
,,1083,,,,,,0.5244140625,
,,1084,,,,,,0.528076171875,
,,1085,,,,,,0.5211696624755859,
180,,9592,,,,,0.5186213850975037,,1.540504813194275
180,0.0010000000474974513,9592,1694.131591796875,0.5862160325050354,,,,,
181,,9599,,,0.5869140625,1.096663475036621,,,
,,1086,,,,,,0.51123046875,
,,1087,,,,,,0.504150390625,
,,1088,,,,,,0.507568359375,
,,1089,,,,,,0.51513671875,
,,1090,,,,,,0.531494140625,
,,1091,,,,,,0.5275662541389465,
181,,9645,,,,,0.5169170498847961,,1.550136685371399
181,0.0010000000474974513,9645,1703.19287109375,0.5879226922988892,,,,,
182,,9649,,,0.58544921875,1.1090582609176636,,,
,,1092,,,,,,0.5166015625,
,,1093,,,,,,0.498779296875,
,,1094,,,,,,0.51611328125,
,,1095,,,,,,0.519775390625,
,,1096,,,,,,0.532470703125,
,,1097,,,,,,0.5272616744041443,
182,,9698,,,,,0.5173799395561218,,1.5456238985061646
182,0.0010000000474974513,9698,1712.7642822265625,0.5895382165908813,,,,,
183,,9699,,,0.59033203125,1.0937100648880005,,,
183,,9749,,,0.60205078125,1.0993428230285645,,,
,,1098,,,,,,0.5078125,
,,1099,,,,,,0.499755859375,
,,1100,,,,,,0.5078125,
,,1101,,,,,,0.5224609375,
,,1102,,,,,,0.528564453125,
,,1103,,,,,,0.5236064791679382,
183,,9751,,,,,0.5172536969184875,,1.5606918334960938
183,0.0010000000474974513,9751,1721.924072265625,0.5884650945663452,,,,,
184,,9799,,,0.597900390625,1.0874435901641846,,,
,,1104,,,,,,0.519287109375,
,,1105,,,,,,0.499755859375,
,,1106,,,,,,0.51171875,
,,1107,,,,,,0.5107421875,
,,1108,,,,,,0.51416015625,
,,1109,,,,,,0.5129454731941223,
184,,9804,,,,,0.5173588991165161,,1.57008695602417
184,0.0010000000474974513,9804,1730.460693359375,0.590566873550415,,,,,
185,,9849,,,0.580322265625,1.1239551305770874,,,
,,1110,,,,,,0.51806640625,
,,1111,,,,,,0.4892578125,
,,1112,,,,,,0.508544921875,
,,1113,,,,,,0.515625,
,,1114,,,,,,0.517822265625,
,,1115,,,,,,0.5199512839317322,
185,,9857,,,,,0.5140765309333801,,1.5846253633499146
185,0.0010000000474974513,9857,1739.99462890625,0.592907190322876,,,,,
186,,9899,,,0.598876953125,1.0999712944030762,,,
,,1116,,,,,,0.517822265625,
,,1117,,,,,,0.505615234375,
,,1118,,,,,,0.510009765625,
,,1119,,,,,,0.51611328125,
,,1120,,,,,,0.527587890625,
,,1121,,,,,,0.5205604434013367,
186,,9910,,,,,0.5184109807014465,,1.5688652992248535
186,0.0010000000474974513,9910,1749.307861328125,0.5943777561187744,,,,,
187,,9949,,,0.597900390625,1.0894594192504883,,,
,,1122,,,,,,0.521484375,
,,1123,,,,,,0.500244140625,
,,1124,,,,,,0.50732421875,
,,1125,,,,,,0.516845703125,
,,1126,,,,,,0.516845703125,
,,1127,,,,,,0.5303076505661011,
187,,9963,,,,,0.5170643329620361,,1.563970923423767
187,0.0010000000474974513,9963,1758.214111328125,0.5945133566856384,,,,,
188,,9999,,,0.58935546875,1.1102604866027832,,,
,,1128,,,,,,0.51318359375,
,,1129,,,,,,0.5048828125,
,,1130,,,,,,0.508544921875,
,,1131,,,,,,0.519287109375,
,,1132,,,,,,0.525390625,
,,1133,,,,,,0.5223880410194397,
188,,10016,,,,,0.5176745653152466,,1.5617152452468872
188,0.0010000000474974513,10016,1767.845458984375,0.5947120785713196,,,,,
189,,10049,,,0.5966796875,1.0588536262512207,,,
,,1134,,,,,,0.516845703125,
,,1135,,,,,,0.502197265625,
,,1136,,,,,,0.51171875,
,,1137,,,,,,0.53125,
,,1138,,,,,,0.525146484375,
,,1139,,,,,,0.5220834612846375,
189,,10069,,,,,0.5176956057548523,,1.571237325668335
189,0.0010000000474974513,10069,1777.46435546875,0.5973469018936157,,,,,
190,,10099,,,0.59619140625,1.0684788227081299,,,
,,1140,,,,,,0.5224609375,
,,1141,,,,,,0.506591796875,
,,1142,,,,,,0.50537109375,
,,1143,,,,,,0.51904296875,
,,1144,,,,,,0.527587890625,
,,1145,,,,,,0.5199512839317322,
190,,10122,,,,,0.517443060874939,,1.5779857635498047
190,0.0010000000474974513,10122,1786.817138671875,0.5954297780990601,,,,,
191,,10149,,,0.604736328125,1.063783049583435,,,
,,1146,,,,,,0.51416015625,
,,1147,,,,,,0.49658203125,
,,1148,,,,,,0.506103515625,
,,1149,,,,,,0.51513671875,
,,1150,,,,,,0.528564453125,
,,1151,,,,,,0.5217788815498352,
191,,10175,,,,,0.5145604610443115,,1.5846960544586182
191,0.0010000000474974513,10175,1796.098388671875,0.5984480977058411,,,,,
192,,10199,,,0.6015625,1.1042102575302124,,,
,,1152,,,,,,0.515380859375,
,,1153,,,,,,0.507568359375,
,,1154,,,,,,0.495849609375,
,,1155,,,,,,0.522216796875,
,,1156,,,,,,0.531494140625,
,,1157,,,,,,0.5196466445922852,
192,,10228,,,,,0.5150654315948486,,1.589446783065796
192,0.0010000000474974513,10228,1804.90380859375,0.5996006727218628,,,,,
193,,10249,,,0.617431640625,1.059619426727295,,,
,,1158,,,,,,0.509765625,
,,1159,,,,,,0.49951171875,
,,1160,,,,,,0.505126953125,
,,1161,,,,,,0.517333984375,
,,1162,,,,,,0.520751953125,
,,1163,,,,,,0.5202558636665344,
193,,10281,,,,,0.5134031772613525,,1.5921002626419067
193,0.0010000000474974513,10281,1814.4129638671875,0.5992827415466309,,,,,
194,,10299,,,0.593994140625,1.0755152702331543,,,
,,1164,,,,,,0.527099609375,
,,1165,,,,,,0.499267578125,
,,1166,,,,,,0.508056640625,
,,1167,,,,,,0.515869140625,
,,1168,,,,,,0.5244140625,
,,1169,,,,,,0.5172098875045776,
194,,10334,,,,,0.5146235823631287,,1.6096551418304443
194,0.0010000000474974513,10334,1823.507568359375,0.5993505120277405,,,,,
195,,10349,,,0.59912109375,1.0564583539962769,,,
,,1170,,,,,,0.5166015625,
,,1171,,,,,,0.499755859375,
,,1172,,,,,,0.5087890625,
,,1173,,,,,,0.5205078125,
,,1174,,,,,,0.5244140625,
,,1175,,,,,,0.5120316743850708,
195,,10387,,,,,0.5165804028511047,,1.6042386293411255
195,0.0010000000474974513,10387,1832.87841796875,0.6006410717964172,,,,,
196,,10399,,,0.6044921875,1.0551408529281616,,,
,,1176,,,,,,0.509765625,
,,1177,,,,,,0.49560546875,
,,1178,,,,,,0.502197265625,
,,1179,,,,,,0.51123046875,
,,1180,,,,,,0.517822265625,
,,1181,,,,,,0.5211696624755859,
196,,10440,,,,,0.5131086111068726,,1.5831639766693115
196,0.0010000000474974513,10440,1842.3734130859375,0.5997737050056458,,,,,
197,,10449,,,0.60693359375,1.0376880168914795,,,
,,1182,,,,,,0.513916015625,
,,1183,,,,,,0.506103515625,
,,1184,,,,,,0.50244140625,
,,1185,,,,,,0.51123046875,
,,1186,,,,,,0.530517578125,
,,1187,,,,,,0.508985698223114,
197,,10493,,,,,0.5145815014839172,,1.5932575464248657
197,0.0010000000474974513,10493,1851.753662109375,0.6008889079093933,,,,,
198,,10499,,,0.598876953125,1.0753437280654907,,,
,,1188,,,,,,0.525390625,
,,1189,,,,,,0.515625,
,,1190,,,,,,0.5087890625,
,,1191,,,,,,0.519287109375,
,,1192,,,,,,0.52734375,
,,1193,,,,,,0.522997260093689,
198,,10546,,,,,0.5199469923973083,,1.6110267639160156
198,0.0010000000474974513,10546,1865.8583984375,0.602756917476654,,,,,
199,,10549,,,0.599609375,1.0707414150238037,,,
199,,10599,,,0.5974770784378052,1.0288734436035156,,,
,,1194,,,,,,0.519775390625,
,,1195,,,,,,0.510986328125,
,,1196,,,,,,0.506591796875,
,,1197,,,,,,0.5029296875,
,,1198,,,,,,0.533447265625,
,,1199,,,,,,0.5254340767860413,
199,,10599,,,,,0.5170853734016418,,1.6214940547943115
199,0.0010000000474974513,10599,1875.600830078125,0.6062614321708679,,,,,
